0 1
417
1 1
9 15
549 533
11 18
558 542
563 551
576 546
1040 834
15 22
1290 1223
19 27
579 558
587 567
98 66
105 73
112 57
30 35
592 31
34 38
37 48
41 41
883 838
47 51
57 53
1045 1028
607 583
890 841
1191 862
1051 1035
1224 1128
66 59
142 78
73 62
1228 1135
1255 1169
898 845
1054 1037
76 71
1059 1045
150 87
1296 1236
81 68
91 83
97 90
101 77
1063 1041
162 103
102 92
907 848
1157 871
178 95
109 99
611 604
619 617
1066 1049
912 857
624 612
111 640
915 851
627 105
917 855
1197 1133
633 626
636 637
921 867
192 115
641 636
197 630
923 870
127 121
645 645
131 118
133 129
1159 884
137 125
1190 1176
217 161
651 648
656 658
1201 1137
1161 900
888 891
927 876
229 667
225 176
244 168
669 143
665 651
146 152
674 654
148 511
152 149
930 886
933 882
675 680
165 173
161 139
253 879
893 913
681 207
168 160
684 678
172 3
174 165
936 199
261 183
177 188
180 182
187 179
183 156
902 922
687 24
267 675
1079 888
1234 1144
193 200
692 17
689 164
189 169
1091 1061
939 895
283 223
194 209
1272 1222
299 902
293 215
198 175
201 197
207 220
210 218
1283 1227
215 191
311 29
219 244
234 241
227 211
230 233
238 230
1095 905
241 254
1100 1064
16 47
333 246
248 256
943 926
33 247
28 36
254 227
946 908
257 271
44 267
259 264
949 240
269 277
953 459
344 276
955 920
354 260
1206 1147
959 911
54 64
965 930
969 923
1107 849
59 54
370 42
363 936
274 258
377 299
278 279
281 273
392 313
284 76
409 306
287 289
78 70
416 331
1114 854
290 303
1292 1233
1266 1206
1281 1209
292 309
1117 880
296 296
445 939
298 321
1120 863
453 360
92 300
95 93
305 333
461 346
469 368
315 327
308 325
926 937
935 944
942 951
1129 885
104 101
113 106
1131 894
118 117
975 948
334 355
885 889
343 376
349 351
347 345
1269 1210
352 373
963 960
1244 1154
361 120
889 899
498 383
504 375
135 140
368 382
378 379
144 126
1274 1214
895 903
1246 1184
149 136
513 405
154 421
978 955
899 966
982 962
163 150
521 413
904 909
1210 1158
531 442
1249 1153
541 957
387 395
381 163
171 167
550 428
908 982
394 398
182 473
1295 1234
186 158
191 455
984 974
206 449
1189 1162
972 975
987 970
396 392
216 187
914 924
981 998
1193 1161
988 989
556 497
232 177
569 484
403 403
561 479
236 171
574 491
991 977
410 406
994 1005
415 417
239 430
425 426
422 414
427 446
999 986
1003 1024
245 192
249 196
1017 1013
443 456
255 424
446 439
270 202
1002 980
275 206
1025 1039
920 1044
1227 1182
1220 1173
285 217
1216 1168
929 929
460 436
295 234
310 253
598 541
605 528
317 493
932 949
1012 1014
1014 1021
487 499
491 501
327 461
1018 993
331 265
937 932
336 212
341 270
1279 19
1202 1195
346 297
625 547
518 470
1205 1170
359 476
367 554
522 548
944 963
1028 996
376 570
528 543
1030 1009
951 1036
532 488
535 576
637 553
385 280
956 941
1038 1003
539 352
546 581
543 310
393 324
1043 572
398 349
562 530
565 605
566 599
407 334
575 293
402 319
570 514
420 344
676 275
1049 1029
683 631
428 357
596 616
606 608
601 537
1073 1056
442 647
697 582
1069 1034
623 556
447 314
452 366
985 959
657 560
0 579
14 586
706 607
1000 987
995 978
479 362
718 642
721 639
46 596
49 629
734 635
1108 1063
56 138
542 134
739 653
1004 981
70 20
1222 1200
107 81
110 46
765 663
132 91
1267 1211
647 235
151 79
157 100
654 434
188 113
685 539
897 869
903 666
798 700
1074 1092
1078 1033
807 697
812 598
265 389
714 641
277 457
830 624
720 634
307 657
841 745
945 1095
1160 569
750 684
1282 784
375 320
1167 1001
779 486
414 407
441 837
1275 1235
795 1218
1001 592
1150 468
1186 1127
0 2
328
1 2
9 20
549 521
563 529
576 540
15 34
1290 1341
19 37
579 544
587 548
98 44
105 50
112 58
30 47
597 65
883 916
53 55
57 59
1045 1157
607 67
62 920
1191 952
1051 959
1224 1242
892 81
66 559
142 563
1228 1246
1255 1262
898 924
1054 919
1059 926
150 105
1296 1370
88 77
81 71
91 80
101 85
1063 930
102 89
907 934
1194 1250
1157 966
178 135
909 862
185 144
611 571
619 583
1070 932
912 937
624 587
111 597
627 116
917 940
1197 1255
633 607
636 611
921 947
192 167
641 133
197 173
123 138
923 950
127 140
645 618
131 146
133 154
137 149
1190 1270
217 194
651 622
927 955
229 640
225 224
244 216
665 635
146 163
674 649
152 166
930 963
933 961
678 658
155 51
165 175
253 233
893 979
168 177
684 667
174 181
936 242
261 663
180 188
187 191
183 183
902 988
1203 1258
687 677
1084 941
267 673
1079 972
1234 994
193 199
689 193
189 196
1091 936
283 260
1276 1344
299 969
293 251
198 203
201 209
204 215
210 686
1283 1348
215 219
311 682
1293 1363
219 234
227 230
230 691
238 237
1095 978
16 699
333 279
943 984
251 249
28 217
946 982
44 302
259 256
269 269
953 987
344 996
955 992
354 310
1206 1269
959 989
962 948
54 704
965 1002
969 999
1107 954
59 706
363 1004
377 317
278 289
918 56
1113 1001
400 962
392 324
409 296
287 384
78 332
416 345
423 307
1292 1145
1281 1349
1117 1015
430 353
445 1007
1120 970
453 376
92 313
95 28
461 383
469 391
313 38
315 328
1125 1010
935 1033
1129 1040
104 46
113 52
1131 980
118 62
975 1016
328 3
334 343
885 985
343 821
347 351
1269 1333
483 1019
963 1279
1244 1278
361 355
498 405
129 74
135 83
378 87
144 78
1274 1346
895 991
1246 1292
149 1025
513 420
154 426
978 1029
899 1063
982 995
163 91
521 441
904 1079
1210 1072
531 467
1249 1281
541 450
387 113
381 104
171 117
550 458
908 814
182 488
1295 1362
186 99
191 495
984 998
200 127
1189 1289
972 1087
987 1035
981 512
1193 1283
988 1102
556 518
399 806
569 511
403 404
561 141
236 136
574 156
994 1011
586 523
239 174
422 407
427 198
1003 1110
245 409
249 170
1017 1125
443 428
255 415
264 185
446 210
270 190
275 205
455 484
1227 1304
1220 1295
285 218
1216 1291
929 1017
460 433
306 223
464 438
471 443
598 590
605 569
317 236
1012 1061
491 469
327 227
331 261
937 1020
336 245
341 268
1279 1352
1284 1360
511 481
515 656
346 1064
525 272
376 498
1030 1070
385 278
1038 638
546 286
389 494
393 291
552 520
1043 672
566 527
407 315
575 509
402 305
668 1089
679 861
1049 1083
1073 1158
612 558
1069 1092
623 532
626 581
634 799
452 341
657 556
706 331
1000 1060
479 361
718 725
39 573
721 727
49 589
516 1116
739 403
1004 1073
74 608
85 636
107 719
100 758
1020 1100
768 762
147 1222
151 680
166 1212
1058 1319
188 32
1242 517
1137 326
829 329
736 731
323 849
332 905
1162 485
861 993
792 873
1138 283
1185 884
0 3
251
1 2
9 8
549 501
563 512
576 521
15 22
1290 1294
19 28
579 525
587 529
98 23
112 30
30 44
41 111
597 39
883 875
57 48
1191 916
1051 923
1224 1173
66 542
69 324
142 59
73 547
1228 1177
1255 1184
898 882
1054 1076
1059 931
150 55
1296 1299
84 68
91 74
1063 72
102 78
907 886
1194 1180
1157 938
178 95
611 558
619 575
1070 1084
912 893
624 579
111 101
627 98
1197 1183
633 584
636 589
921 900
192 116
641 118
123 126
923 902
645 596
131 129
133 135
1159 1096
137 132
1190 1191
217 131
651 604
1201 1187
1161 946
927 906
229 615
225 160
244 154
143 853
669 142
665 624
146 149
674 151
152 155
930 912
933 908
678 629
168 158
684 163
174 167
936 178
261 636
180 171
187 180
183 173
902 954
687 641
276 1099
267 176
1234 967
189 182
1091 915
283 202
1272 1272
293 209
198 186
204 195
1283 1261
311 656
1287 1298
227 210
238 206
1095 918
16 677
251 221
946 921
257 685
262 234
269 237
953 232
344 927
955 924
354 240
1206 1190
959 930
48 688
962 878
54 691
965 936
969 933
1107 885
59 3
363 942
377 246
1109 517
392 255
287 17
78 264
416 277
423 284
1114 895
290 26
1292 1295
1281 1283
1117 1004
445 948
298 276
1120 899
453 307
92 266
95 41
469 953
313 50
315 287
308 204
1125 261
1129 1019
104 292
113 62
1131 425
118 71
950 1208
975 322
337 308
1269 1289
352 315
1244 1243
498 343
135 75
144 84
1274 1273
149 93
978 960
899 914
163 326
521 351
531 376
541 358
381 109
171 117
176 391
1295 762
186 113
984 920
200 128
1189 1179
972 1049
987 966
981 1059
556 412
569 405
403 359
561 138
574 418
994 941
239 143
427 382
1003 1066
1017 1073
443 395
258 170
270 161
1002 445
275 165
924 92
285 188
929 951
464 420
471 1058
605 459
491 433
327 423
617 728
937 1091
341 252
511 455
346 430
625 498
522 470
528 464
1030 987
1041 1244
385 263
389 476
393 272
1043 530
407 561
575 482
402 487
571 594
1049 1007
596 522
606 533
697 295
612 560
1069 1010
701 573
657 513
0 520
706 313
708 868
1000 1008
711 592
479 553
39 543
501 348
739 398
555 1106
588 628
147 780
639 1035
1231 1196
788 822
794 1174
273 832
829 357
783 626
1275 872
800 1120
865 394
867 1034
0 4
246
1 0
549 557
563 55
576 566
15 13
1290 397
19 17
579 574
587 569
98 63
105 583
112 84
23 659
30 590
597 93
883 498
51 30
57 34
1045 967
1191 993
1051 1000
892 959
66 599
69 604
1228 1261
898 970
1054 964
1059 1008
150 110
1296 1393
84 612
91 82
1063 133
102 88
907 979
1157 1015
185 148
611 624
619 632
1070 975
912 986
624 656
111 156
915 644
627 108
917 992
1197 1264
633 663
636 661
921 996
192 176
641 118
123 115
645 675
131 129
133 126
1159 1002
137 132
1190 1281
217 216
651 683
1201 1268
1161 1023
927 1005
229 693
225 241
244 249
665 138
674 143
152 149
930 1009
933 1013
678 701
253 182
893 988
168 158
684 161
172 708
174 165
936 295
261 14
180 155
187 173
687 713
1079 1254
1234 1038
189 184
1091 994
1276 1358
198 197
204 720
207 276
1283 1365
1287 1385
230 745
238 219
1095 319
242 228
333 342
251 245
946 1019
262 251
953 357
344 998
1206 1279
959 1026
48 757
962 1007
54 760
969 1032
59 269
363 1036
377 372
278 272
392 381
409 765
287 387
78 395
416 409
423 417
1292 1389
445 1042
298 310
1120 1020
95 10
461 26
469 1048
313 32
318 338
1129 1061
113 51
118 56
950 1306
975 432
334 377
885 1051
1269 1368
483 1029
1244 1271
361 390
498 70
129 75
135 85
144 396
1274 1367
513 459
154 466
978 1057
163 405
521 499
1210 1040
531 515
541 506
381 94
200 113
1189 1310
972 1082
987 1083
556 523
232 122
569 529
403 447
574 136
994 1060
239 145
425 461
431 484
1003 1090
249 471
1017 1096
443 172
264 159
446 169
270 154
920 587
1225 509
285 190
929 1078
464 516
474 208
605 564
482 71
932 1093
494 215
327 521
941 1098
341 256
1024 1178
1279 1303
522 553
1030 1107
644 413
385 278
1038 835
389 562
393 283
660 657
559 733
407 666
575 568
402 302
668 28
679 1120
1068 914
686 72
428 600
432 671
596 607
614 633
1069 1116
452 322
711 672
479 627
39 336
510 694
501 643
524 1234
555 1354
560 259
166 355
199 1239
805 441
212 940
277 385
1291 1384
931 1139
1204 854
316 1129
1101 1236
1162 541
342 679
755 890
369 369
397 942
401 769
1273 1360
441 36
1001 597
454 800
481 848
815 449
3 316
1143 1137
874 463
517 150
1033 549
1 2
381
1 2
15 20
9 22
533 521
546 540
551 529
558 544
22 34
27 37
1223 1341
567 548
57 58
66 44
73 50
35 47
38 595
838 916
51 53
580 552
53 59
56 61
583 67
1028 1157
862 952
841 920
587 555
1035 959
1128 1242
78 563
59 559
593 88
1135 1246
597 70
1169 1262
845 924
68 71
1037 919
1236 1370
87 105
1041 930
74 75
600 567
1045 926
77 85
83 80
96 135
848 934
92 89
95 95
871 966
109 126
604 571
99 100
102 106
617 583
857 937
612 587
855 940
1050 932
105 116
1133 1255
622 151
115 167
108 593
867 947
878 1260
626 607
112 128
630 173
636 133
637 611
640 597
645 618
118 146
121 140
870 950
125 149
127 143
161 194
129 154
873 951
876 955
648 622
1176 1270
651 635
168 216
134 157
906 973
176 224
879 233
658 201
149 166
654 649
882 961
183 663
913 979
152 163
664 654
667 640
678 667
199 242
156 183
675 673
922 988
886 963
683 250
164 193
160 177
888 972
892 969
165 181
169 196
173 175
1061 936
215 251
175 203
179 191
182 188
24 677
1225 1344
897 976
29 682
191 219
1227 1348
1144 1276
223 260
197 209
200 199
203 212
905 978
211 230
231 266
214 221
218 686
230 237
233 691
36 217
241 689
908 982
244 234
254 244
240 293
1147 1269
915 987
911 989
1064 994
246 279
920 992
260 310
267 302
923 999
47 699
926 984
276 996
264 256
271 253
54 706
262 284
60 709
277 269
64 704
930 1002
282 277
849 954
279 289
286 292
292 338
289 717
933 1001
936 1004
299 317
306 296
70 332
313 324
1233 1145
291 298
294 307
1209 1349
81 719
331 345
1206 1339
300 313
338 369
939 1007
346 383
360 376
863 970
88 9
874 1009
93 28
937 1026
316 319
321 316
944 1033
101 46
368 391
885 1040
327 328
333 41
106 52
342 336
951 1048
948 1016
894 980
889 985
345 351
375 399
383 405
117 62
390 68
355 343
120 360
1154 1278
370 364
1210 1333
1157 1275
960 1279
126 78
131 372
405 420
136 1025
1214 1346
140 83
379 87
145 228
903 991
150 91
1153 1281
421 426
413 441
1158 702
955 1029
966 1063
1184 1292
428 458
957 450
158 99
962 995
968 1031
435 122
163 104
1234 1362
909 1079
442 467
395 113
449 132
970 1035
455 495
975 1087
167 117
982 814
1161 1283
473 488
974 998
1162 1289
171 136
401 398
479 141
403 404
484 511
989 1102
491 156
497 518
924 1094
414 407
192 409
1005 1011
422 161
424 415
1166 1288
1013 1125
1024 1110
196 170
202 190
206 205
512 541
430 174
1168 1291
986 1042
929 1017
990 1049
436 433
446 198
439 210
528 569
452 421
456 428
1192 1300
1039 1134
461 227
1173 1295
1044 1146
212 245
217 218
932 1020
222 606
1224 1352
1182 1304
541 590
482 584
485 459
1000 1055
1003 638
493 236
1009 854
501 469
1014 1061
265 261
270 268
1026 1067
572 672
275 505
1185 1293
1029 1083
280 278
288 650
545 485
297 1064
550 272
293 97
1056 1158
556 532
562 491
1034 1092
560 556
570 498
576 1132
319 305
324 291
601 295
581 286
328 311
607 331
590 1224
362 361
614 56
599 527
595 526
366 341
371 703
603 553
605 530
981 1073
987 1060
629 589
642 725
639 727
4 603
653 403
25 574
23 608
393 408
43 581
1069 1100
404 438
61 155
79 680
496 560
1089 879
881 1047
702 694
602 1159
210 639
1094 1086
649 843
928 797
295 460
290 294
698 427
1084 1196
956 347
953 836
789 513
716 580
380 864
808 856
731 1326
744 773
454 308
506 134
517 666
1 3
285
1 2
15 8
9 13
533 501
546 521
551 512
558 525
22 22
27 28
1223 1294
567 529
57 30
66 23
35 44
41 111
838 875
53 48
56 51
583 56
1028 999
1035 923
1128 1173
78 59
59 542
593 47
1135 1177
62 547
1169 1184
845 882
1037 1076
1236 1299
87 55
1041 72
74 65
600 555
1045 931
83 74
96 95
848 886
92 78
95 82
871 938
109 87
604 558
857 893
612 579
1050 890
105 98
1133 1183
622 492
1053 1089
115 116
132 108
867 900
626 584
112 102
636 118
637 589
640 101
884 1096
645 596
118 129
870 902
125 132
127 269
161 131
129 135
1137 1187
900 946
876 906
648 604
1176 1191
651 624
168 154
143 142
176 160
149 155
654 151
882 908
183 636
152 149
667 615
678 163
199 178
156 173
675 176
922 954
886 912
683 629
160 158
165 167
169 182
173 633
1061 915
215 209
175 186
179 180
13 185
182 171
24 641
1222 928
897 216
29 656
194 197
1227 1261
1144 1207
223 202
200 645
203 191
905 918
211 210
218 659
225 672
230 206
241 663
908 921
254 212
240 683
1147 1190
915 232
911 930
1064 967
920 438
260 240
923 933
47 677
276 927
264 233
271 685
54 3
60 9
277 237
64 691
930 936
849 885
289 17
936 942
299 246
70 264
313 255
1233 1295
291 253
1209 1283
331 277
854 895
1206 1266
300 266
303 26
939 948
346 314
353 45
360 307
863 899
874 997
93 41
937 1012
321 276
325 279
101 292
945 969
368 953
885 1019
327 287
106 62
342 57
948 322
383 343
117 71
358 308
1154 1243
373 315
1210 1289
1157 1175
126 84
136 93
1214 1273
140 75
903 910
150 326
1153 1034
413 351
1158 1040
955 960
966 914
957 358
158 113
163 109
1234 1297
442 376
395 1248
449 134
970 966
975 1049
974 920
1238 1302
1162 1179
479 138
403 359
484 405
998 1059
491 418
497 412
1005 941
1166 1189
980 445
1013 1073
1024 1066
196 374
202 161
206 165
512 431
430 143
433 378
929 951
446 382
439 179
528 459
452 388
456 395
461 423
1173 1194
464 397
1044 956
217 188
932 1091
222 225
547 498
1000 961
1009 987
501 433
1052 1226
270 252
516 1137
1026 991
572 530
543 1002
1029 1007
280 263
545 465
548 470
293 482
582 295
1034 1010
560 513
319 285
601 556
579 520
581 275
334 561
607 313
1040 980
362 553
595 500
366 222
608 533
616 522
987 1008
635 386
639 643
653 398
25 557
34 1130
1069 1109
404 420
1074 310
419 426
144 77
693 676
883 655
712 773
1165 666
245 1293
281 244
295 981
690 763
320 1068
789 487
378 297
1218 1078
748 837
992 258
445 121
465 162
506 812
21 10
1 4
258
1 0
9 7
533 557
542 1072
546 566
551 55
558 489
22 13
27 17
567 569
66 63
73 583
35 590
580 37
53 34
1123 1256
1028 100
1035 1000
59 599
593 604
1135 1261
597 123
65 369
845 970
68 1133
1037 964
1236 1393
87 110
1041 133
74 74
600 618
1045 1008
83 82
848 979
92 88
95 95
871 1015
109 125
604 624
851 644
857 986
612 656
855 992
1050 975
105 108
1133 1264
622 982
1053 980
115 176
132 185
867 996
626 663
112 111
636 118
637 661
640 156
884 1002
155 192
645 675
118 129
125 132
127 120
161 216
129 126
1137 1268
900 1023
876 1005
648 683
1176 1281
651 138
168 249
134 232
176 241
149 149
654 143
882 1013
183 167
913 988
667 693
678 161
199 295
922 1031
886 1009
683 701
160 158
3 708
165 165
169 184
207 1010
173 705
1061 994
179 173
13 260
182 155
24 713
1225 1358
897 734
1227 1365
1144 1038
200 717
203 194
905 319
218 728
230 219
233 745
241 737
908 1019
254 740
1147 1279
915 357
911 1026
246 342
260 366
267 1007
923 1032
276 998
264 248
271 754
54 269
60 762
64 760
930 1028
282 479
849 1012
279 272
289 387
936 1036
299 372
306 765
70 395
313 381
1233 1389
331 409
939 1042
360 1044
863 1020
93 10
316 324
321 310
368 1048
885 1061
327 337
340 44
106 51
948 432
889 1051
383 70
117 56
355 377
120 390
1154 1271
1210 1368
1157 1277
126 396
1214 1367
140 85
903 1035
1150 1392
150 405
382 79
421 466
413 499
1158 1040
955 1057
966 1075
957 506
163 94
442 515
449 119
970 1083
975 1082
974 1045
1162 1310
171 443
177 122
479 127
403 447
484 529
411 452
491 136
497 523
1005 1060
426 461
1166 1287
1013 1096
1024 1090
196 471
202 154
512 551
430 145
433 150
929 1078
450 484
439 169
528 564
456 172
1039 1316
461 521
1180 1296
464 503
1044 1103
217 190
935 602
228 226
234 582
1224 259
949 1093
495 900
1009 1107
505 215
270 256
1026 1104
572 641
577 283
1029 647
280 278
545 541
548 553
293 568
1034 1116
560 317
319 562
328 658
1228 974
607 622
1042 677
357 600
362 627
595 589
366 322
608 615
616 607
1190 1324
847 921
404 516
486 1141
490 1163
507 807
525 544
1046 1206
216 879
1100 28
1065 846
921 558
766 1024
769 690
1106 1004
1086 1172
953 1291
789 570
796 233
1093 603
378 361
811 117
451 1189
758 755
457 385
820 206
2 3
342
2 2
20 8
22 13
521 501
29 18
529 512
938 903
540 521
34 22
37 28
1359 1294
544 525
548 529
44 23
58 30
40 34
47 44
65 39
916 875
1330 1257
61 51
59 48
1157 999
67 56
952 916
73 539
959 879
1335 1260
1242 1173
559 542
563 59
88 47
1246 1177
1262 1184
924 882
919 1076
105 55
1370 1299
926 931
75 65
567 555
80 74
111 63
930 72
89 78
119 79
934 886
1250 1180
135 95
966 938
95 82
102 85
571 558
579 565
106 90
151 492
583 575
109 96
932 890
937 893
587 579
116 98
943 897
597 101
1255 1183
120 107
607 584
611 589
128 102
167 116
947 900
133 118
138 126
950 902
618 596
146 129
154 135
149 132
194 131
1270 1191
622 604
626 607
201 139
1265 1227
159 137
955 906
630 611
216 154
635 624
224 160
640 615
163 149
649 151
166 155
961 908
963 912
658 629
663 636
669 633
667 163
967 168
177 158
242 178
181 167
183 173
188 171
988 954
673 176
191 180
677 641
196 182
936 915
199 645
1276 1207
251 209
203 186
1344 932
260 202
206 648
212 191
976 216
215 195
682 656
1348 1261
686 659
1363 1298
230 210
978 918
234 204
1284 1232
689 663
237 206
241 667
244 212
696 675
994 967
699 677
982 921
249 221
293 683
253 685
987 232
1269 1190
256 233
992 924
310 240
989 930
996 927
269 237
948 878
1263 1193
999 933
704 691
1002 936
706 3
709 9
954 885
1004 942
317 246
714 880
324 255
717 17
332 264
962 892
298 253
307 284
345 277
1367 1295
309 20
1274 1240
722 293
1339 1266
1349 1283
3 31
1007 948
1009 997
313 266
970 899
1010 261
316 276
376 307
28 41
1026 1012
38 50
41 283
1013 953
328 287
334 54
46 292
336 57
1040 1019
340 294
1057 1205
52 62
1272 1208
1016 322
62 71
346 308
1278 1243
1275 1175
358 320
405 343
1333 1289
83 75
78 84
374 88
1346 1273
991 910
1292 1279
1025 93
1022 957
1029 960
91 326
1063 914
377 332
441 351
1072 1040
1281 1034
450 358
458 367
467 376
392 224
104 109
99 113
474 383
117 117
482 391
495 122
998 920
395 344
398 346
127 128
401 349
1035 966
1087 1049
1289 1179
511 405
141 138
404 359
518 412
156 418
1288 1189
1006 935
1110 1066
418 371
541 431
170 374
1125 1073
174 143
1338 1267
190 161
198 382
1046 945
205 165
421 388
424 174
210 179
428 395
1300 1282
431 400
1017 951
214 184
1140 1080
1146 956
436 414
1295 1194
218 188
438 420
227 423
231 193
590 198
446 208
1055 961
459 425
1058 483
462 428
1020 1091
595 213
606 225
469 433
1312 1101
261 249
257 243
268 252
478 442
1067 991
631 504
481 455
1070 987
643 994
485 465
272 473
487 523
278 263
672 530
494 476
286 275
291 272
1083 1007
513 487
509 482
517 278
299 556
305 285
315 561
526 500
321 295
1092 1010
535 505
550 502
1050 752
556 513
703 1156
558 560
331 313
712 766
347 626
574 557
361 553
1060 1008
727 643
397 821
403 398
1273 541
1179 1250
1280 728
1199 674
1160 704
1299 64
1212 695
184 310
217 92
759 724
270 734
1216 1129
859 1074
1088 1090
1340 1269
419 404
1198 304
825 1068
512 869
2 4
311
2 0
22 7
521 557
529 55
938 972
540 566
34 13
37 17
544 574
548 569
44 63
50 583
47 590
65 93
916 498
1330 58
59 34
1157 100
952 993
959 1000
1335 1377
559 599
88 604
1246 1261
924 970
919 964
928 973
105 110
71 80
1370 1393
926 1008
75 74
77 614
567 618
80 82
111 976
930 133
89 88
119 116
934 979
135 140
966 1015
95 95
144 148
102 92
571 624
106 98
151 84
583 632
932 951
937 986
587 656
940 992
116 108
943 989
597 156
1255 1264
124 652
607 663
611 661
128 111
167 176
947 996
133 118
138 115
618 675
143 120
146 129
154 126
149 132
194 216
1270 1281
622 683
626 688
201 199
1265 1331
955 1005
216 249
635 138
224 241
640 693
649 143
166 149
961 1013
963 1009
658 701
979 988
663 167
669 705
667 161
967 280
177 158
242 295
181 165
188 155
988 1031
191 173
677 713
196 184
936 994
199 717
1276 1297
203 197
1344 1358
206 303
212 194
976 734
215 720
682 204
1348 1365
225 296
686 728
1363 1385
978 319
234 101
689 737
237 219
691 745
241 311
244 740
994 1038
279 342
1261 1276
982 1019
249 245
987 357
1269 1279
256 248
310 366
989 1026
996 998
269 254
948 1007
1263 1283
999 1032
277 479
704 760
1002 1028
706 269
709 762
954 1012
1004 1036
289 272
317 372
324 381
717 387
332 395
296 765
301 298
307 417
345 409
1367 1389
309 54
1274 1260
1339 1355
1007 1042
9 774
1009 1288
1343 1364
313 314
970 1020
376 1044
319 324
28 10
38 32
41 14
1013 1048
328 337
334 39
1040 1061
340 352
1048 1298
52 51
1272 1306
1016 432
62 56
985 1051
343 377
351 949
1278 1271
1279 1266
1275 1277
358 386
405 70
360 390
1333 1368
1019 1029
74 75
83 85
78 396
1346 1367
420 459
991 1035
1292 1373
426 466
1029 1057
434 485
91 405
1063 1075
441 499
1072 1040
450 506
467 515
104 94
474 1077
495 103
998 1045
1368 1390
395 427
398 424
127 113
401 430
1035 1083
1087 1082
1289 1310
136 443
511 529
141 127
404 447
518 523
156 136
152 715
161 130
1288 1287
1006 1055
1371 1394
413 465
1110 1090
418 468
541 551
170 471
1125 1096
174 145
1042 1095
185 159
190 154
1046 1074
421 490
424 162
210 169
428 172
431 507
1017 1078
1134 1316
214 178
1140 1084
1146 1103
436 181
1295 1293
569 564
218 190
438 516
577 577
227 521
231 203
590 195
446 208
1023 1098
606 220
1352 1303
472 215
261 235
257 252
268 256
1067 1104
631 616
1070 1107
638 534
485 541
272 555
278 278
672 641
494 562
291 283
1083 647
513 570
509 568
697 1191
305 302
311 658
526 589
321 586
1092 1116
1247 1319
550 316
562 633
331 622
707 719
341 322
361 627
1252 1317
598 392
1130 1126
768 799
775 764
19 301
942 257
1138 526
637 187
837 924
1299 1263
745 544
229 1172
860 112
306 1086
866 89
1068 846
1184 344
1230 697
809 919
1208 990
3 4
351
2 0
13 7
501 557
512 55
903 972
521 566
22 13
28 17
525 574
529 569
23 63
38 24
30 84
534 588
44 590
39 93
875 296
51 41
48 34
916 993
539 48
923 1000
1260 1377
542 599
47 604
1177 1261
552 608
882 970
1076 964
55 110
1299 1393
931 1008
65 74
68 612
555 618
74 82
63 976
72 133
79 116
78 88
886 979
938 1015
95 140
82 95
558 624
1079 969
90 98
889 982
575 632
570 637
96 102
1084 975
893 986
579 656
897 989
101 156
1089 980
98 108
1183 1264
589 661
584 663
102 111
900 996
116 176
108 185
118 118
120 123
126 115
592 672
1096 1002
129 129
135 126
132 132
600 680
1191 1281
131 216
604 683
139 199
607 688
137 135
1187 1268
1227 1331
946 1023
906 1005
615 693
154 249
624 138
160 241
151 143
155 149
908 1013
912 1009
629 676
633 705
158 158
636 167
164 152
163 161
168 280
1200 1337
178 295
171 155
167 165
185 260
192 275
180 173
954 1031
641 713
645 717
182 184
958 994
1207 1297
1277 1358
186 197
648 303
191 194
195 720
216 734
652 725
656 204
659 728
1261 1365
200 210
1298 1385
204 206
663 737
667 311
206 219
212 740
1238 1273
215 225
218 232
967 1038
974 1046
921 1019
221 245
224 752
685 754
233 248
232 357
237 254
1190 1279
240 366
927 998
930 1026
878 1007
688 757
1193 1283
691 760
933 1032
936 1028
244 261
3 269
885 1012
9 762
246 372
942 1036
255 381
250 279
944 1039
17 387
264 395
982 1286
988 1052
277 409
284 417
20 768
256 301
1266 1355
1295 1389
1240 1260
1283 1363
31 771
259 306
36 774
997 1288
948 1042
276 310
273 3
899 1020
266 314
950 1044
41 10
283 14
50 32
953 1048
287 337
54 39
294 352
1019 1061
1199 1298
62 51
297 361
1025 1067
1208 756
71 56
322 432
330 438
308 380
1243 1271
1175 1277
336 445
320 386
1289 1368
343 70
75 85
1279 1373
88 79
84 396
1273 1367
910 1035
93 401
960 1057
326 405
332 391
351 499
99 492
1040 1040
1034 1063
358 506
376 515
104 1073
383 1077
109 94
113 414
117 97
1297 1387
341 421
122 103
920 1045
344 427
346 424
349 430
128 113
966 1083
1179 1310
1049 1082
353 107
1185 1282
405 529
359 447
138 127
412 523
365 449
418 136
1189 1287
935 1055
1066 1090
371 468
431 551
374 471
1073 1096
143 145
378 150
148 494
161 154
945 1074
385 484
388 490
174 162
179 169
1212 1313
395 172
1282 1374
397 503
951 1078
400 507
403 1252
184 178
1080 1084
956 1103
414 181
1194 1293
459 564
188 190
420 516
467 577
1085 1110
423 521
198 195
193 203
208 208
483 594
961 467
213 211
225 220
436 215
236 72
440 229
249 235
239 247
252 256
442 259
965 1099
446 263
991 1104
504 616
987 1107
452 537
465 541
1223 1376
470 553
263 278
530 641
476 562
1007 647
482 568
977 1113
487 570
272 283
278 288
285 302
494 308
561 666
497 578
295 586
1010 1116
500 589
1293 1382
502 316
510 597
518 603
522 607
533 615
313 622
551 625
553 627
626 790
569 350
348 643
572 36
386 378
602 71
1026 117
1038 444
4 548
1181 1149
774 22
1141 662
660 99
1152 1105
238 742
817 141
970 486
716 1324
1206 880
728 1130
296 1301
836 1086
1246 253
870 945
