0 1
373
566 599
269 277
91 83
207 220
461 346
359 476
375 320
692 17
232 177
917 855
361 120
109 99
278 279
912 857
1038 1003
1292 1233
244 168
920 1044
92 300
1120 863
172 3
605 528
933 882
965 930
654 434
425 426
1054 1037
197 630
1114 854
239 430
201 197
149 136
403 403
611 604
315 327
368 382
210 218
241 254
127 121
988 989
180 182
415 417
676 275
445 939
453 360
152 149
607 583
972 975
308 325
347 345
956 941
367 554
1266 1206
674 654
16 47
118 117
193 200
168 160
378 379
298 321
1002 980
1216 1168
236 171
261 183
33 247
54 64
259 264
1018 993
1210 1158
969 923
206 449
216 187
189 169
1073 1056
569 484
1157 871
194 209
381 163
915 851
131 118
907 848
146 152
1043 572
991 977
186 158
684 678
987 970
163 150
1091 1061
1107 849
513 405
187 179
44 267
102 92
311 29
137 125
333 246
254 227
422 414
183 156
641 636
624 612
349 351
521 413
890 841
225 176
994 1005
113 106
174 165
984 974
111 640
376 570
1131 894
287 289
409 306
1190 1176
416 331
574 491
637 553
101 77
935 944
1108 1063
619 617
150 87
930 886
893 913
217 161
675 680
627 105
541 957
942 951
305 333
394 398
898 845
592 31
354 260
443 456
1003 1024
1201 1137
192 115
396 392
943 926
927 876
370 42
393 324
334 355
926 937
687 24
191 455
28 36
377 299
133 129
219 244
59 54
1283 1227
230 233
561 479
142 78
135 140
1028 996
336 212
633 626
238 230
66 59
522 548
929 929
78 70
296 296
234 241
346 297
344 276
469 368
392 313
1197 1133
645 645
327 461
198 175
895 903
255 424
414 407
636 637
665 651
245 192
267 675
949 240
387 395
171 167
955 920
902 922
215 191
341 270
498 383
491 501
229 667
959 911
1066 1049
1117 880
76 71
34 38
427 446
975 948
978 955
352 373
249 196
531 442
720 634
182 473
932 949
293 215
951 1036
914 924
11 18
95 93
165 173
908 982
556 497
1295 1234
1078 1033
283 223
1030 1009
532 488
1017 1013
275 206
1161 900
81 68
104 101
706 607
625 547
363 936
479 362
317 493
460 436
410 406
981 998
897 869
248 256
295 234
936 199
274 258
1049 1029
598 541
257 271
543 310
70 20
227 211
398 349
651 648
937 932
550 428
535 576
549 533
999 986
946 908
1069 1034
0 579
47 51
565 605
162 103
596 616
885 889
1281 1209
1004 981
982 962
1272 1222
112 57
1193 1161
161 139
623 556
657 560
546 581
1045 1028
570 514
656 658
1051 1035
765 663
292 309
144 126
669 143
504 375
30 35
343 376
1012 1014
9 15
290 303
1095 905
1063 1041
889 899
562 530
685 539
57 53
14 586
281 273
587 567
98 66
487 499
721 639
132 91
41 41
270 202
37 48
49 629
558 542
1014 1021
921 867
539 352
15 22
188 113
718 642
97 90
576 546
601 537
1 1
563 551
1191 862
807 697
883 838
904 909
110 46
46 596
528 543
73 62
151 79
714 641
518 470
284 76
1224 1128
307 657
157 100
606 608
285 217
1059 1045
385 280
19 27
1129 885
105 73
681 207
1255 1169
1206 1147
1244 1154
177 188
812 598
446 439
697 582
331 265
1227 1182
1220 1173
985 959
739 653
944 963
798 700
1228 1135
310 253
407 334
447 314
899 966
1040 834
734 635
428 357
452 366
923 870
750 684
1159 884
579 558
299 902
1000 987
1249 1153
888 891
154 421
575 293
995 978
1202 1195
1274 1214
1025 1039
0 2
271
95 28
275 205
229 640
1012 1061
102 89
586 523
665 635
53 55
641 133
936 242
668 1089
131 146
215 219
317 236
1197 1255
293 251
984 998
1003 1110
513 420
1051 959
269 269
561 141
387 113
403 404
91 80
988 1102
935 1033
1017 1125
57 59
902 988
163 91
687 677
972 1087
186 99
327 227
1190 1270
1 2
959 989
1030 1070
930 963
498 405
541 450
16 699
150 105
469 391
201 209
929 1017
193 199
1049 1083
1120 970
1193 1283
264 185
955 992
619 583
251 249
1203 1258
718 725
54 704
623 532
270 190
101 85
1020 1100
1043 672
645 618
259 256
689 193
227 230
933 961
185 144
39 573
569 511
165 175
1216 1291
255 415
200 127
521 441
937 1020
118 62
605 569
1249 1281
987 1035
49 589
306 223
546 286
59 706
347 351
198 203
597 65
422 407
315 328
238 237
1095 978
92 313
895 991
1107 954
994 1011
378 87
552 520
1069 1092
624 587
253 233
30 47
219 234
1296 1370
678 658
236 136
174 181
217 194
1000 1060
1045 1157
1279 1352
249 170
354 310
123 138
311 682
636 611
626 581
917 940
189 196
907 934
283 260
267 673
210 686
146 163
333 279
611 571
1210 1072
183 183
192 167
721 727
85 636
953 987
187 191
1054 919
1194 1250
88 77
416 345
1091 936
893 979
112 58
651 622
105 50
129 74
525 272
479 361
180 188
98 44
178 135
230 691
471 443
460 433
204 215
556 518
66 559
244 216
965 1002
168 177
898 924
74 608
883 916
946 982
575 509
113 52
574 156
427 198
443 428
576 540
191 495
587 548
461 383
111 597
142 563
15 34
144 78
197 173
336 245
334 343
607 67
9 20
78 332
381 104
453 376
363 1004
511 481
706 331
133 154
1293 1363
171 117
739 403
152 166
550 458
1084 941
531 467
341 268
927 955
44 302
1004 1073
81 71
137 149
376 498
1129 1040
385 278
1073 1158
674 649
549 521
736 731
978 1029
135 83
127 140
392 324
1157 966
627 116
278 289
657 556
921 947
684 667
491 469
563 529
1113 1001
452 341
912 937
1131 980
19 37
1070 932
969 999
1220 1295
313 38
261 663
885 985
445 1007
1276 1344
225 224
344 996
598 590
188 32
389 494
393 291
151 680
566 527
285 218
239 174
377 317
1283 1348
1063 930
1274 1346
407 315
464 438
633 607
245 409
1227 1304
331 261
579 544
182 488
982 995
943 984
1191 952
1244 1278
975 1016
402 305
154 426
430 353
446 210
962 948
1224 1242
1281 1349
1189 1289
899 1063
1038 638
104 46
423 307
409 296
0 3
205
1054 1076
469 953
612 560
1000 1008
561 138
327 423
606 533
163 326
1161 946
131 129
1043 530
1017 1073
556 412
950 1208
1114 895
337 308
311 656
479 553
498 343
198 186
407 561
636 589
883 875
1274 1273
936 178
927 906
1120 899
84 68
352 315
200 128
217 131
645 596
625 498
111 101
1157 938
907 886
987 966
178 95
611 558
955 924
521 351
959 930
416 277
574 418
0 520
596 522
687 641
146 149
257 685
1049 1007
1201 1187
678 629
423 284
624 579
392 255
123 126
385 263
174 167
315 287
168 158
189 182
183 173
354 240
381 109
575 482
113 62
137 132
389 476
293 209
275 165
270 161
73 547
1030 987
54 691
192 116
1129 1019
978 960
665 624
59 3
965 936
1107 885
30 44
363 942
453 307
898 882
187 180
135 75
238 206
244 154
531 376
133 135
95 41
464 420
541 358
994 941
403 359
929 951
285 188
186 113
91 74
972 1049
569 405
921 900
239 143
287 17
262 234
902 954
176 391
674 151
912 893
641 118
150 55
953 232
1159 1096
619 575
930 912
946 921
706 313
1190 1191
627 98
933 908
92 266
669 142
144 84
393 272
152 155
969 933
15 22
102 78
522 470
171 117
225 160
1 2
1069 1010
344 927
341 252
511 455
427 382
579 525
1194 1180
57 48
445 948
605 459
491 433
984 920
118 71
1051 923
1283 1261
16 677
651 604
19 28
1296 1299
1003 1066
587 529
739 398
684 163
1070 1084
1002 445
269 237
313 50
1287 1298
443 395
597 39
633 584
1197 1183
1095 918
229 615
1206 1190
251 221
112 30
283 202
78 264
66 542
899 914
142 59
298 276
48 688
937 1091
258 170
1228 1177
267 176
1272 1272
576 521
657 513
1290 1294
549 501
1063 72
962 878
98 23
9 8
1117 1004
180 171
1091 915
501 348
563 512
975 322
981 1059
104 292
204 195
261 636
923 902
39 543
1244 1243
1189 1179
149 93
0 4
186
597 93
204 720
494 215
385 278
200 113
264 159
393 283
498 70
403 447
443 172
232 122
587 569
239 145
57 34
198 197
932 1093
596 607
522 553
428 600
1244 1271
1051 1000
1276 1358
521 499
270 154
474 208
541 506
180 155
285 190
513 459
987 1083
217 216
251 245
1017 1096
917 992
994 1060
972 1082
1091 994
185 148
929 1078
48 757
1 0
1287 1385
341 256
66 599
244 249
407 666
131 129
249 471
927 1005
556 523
144 396
389 562
78 395
574 136
163 405
189 184
1063 133
614 633
569 529
59 269
327 521
118 56
641 118
936 295
425 461
645 675
461 26
501 643
651 683
298 310
665 138
563 55
19 17
464 516
959 1026
575 568
549 557
1161 1023
969 1032
1003 1090
431 484
15 13
605 564
39 336
1201 1268
229 693
946 1019
1206 1279
892 959
1189 1310
624 656
30 590
402 302
953 357
192 176
1069 1116
1030 1107
135 85
361 390
619 632
941 1098
452 322
95 10
531 515
381 94
287 387
150 110
105 583
933 1013
611 624
950 1306
51 30
137 132
627 108
91 82
102 88
1054 964
98 63
1190 1281
129 75
962 1007
1197 1264
898 970
152 149
684 161
893 988
238 219
1120 1020
674 143
1129 1061
154 466
333 342
54 760
579 574
416 409
978 1057
1228 1261
334 377
278 272
318 338
172 708
1274 1367
479 627
423 417
469 1048
262 251
930 1009
168 158
187 173
113 51
636 661
446 169
363 1036
123 115
133 126
174 165
912 986
69 604
84 612
687 713
1283 1365
242 228
377 372
230 745
907 979
445 1042
1157 1015
678 701
576 566
1095 319
313 32
344 998
1143 1137
392 381
225 241
111 156
921 996
1269 1368
1210 1040
975 432
1159 1002
885 1051
409 765
112 84
1070 975
633 663
1 2
320
581 286
191 219
370 364
264 256
176 224
424 415
987 1060
421 426
637 611
203 212
56 61
449 132
528 569
989 1102
550 272
428 458
299 317
630 173
54 706
286 292
112 128
321 316
915 987
260 310
262 284
642 725
1039 1134
150 91
932 1020
215 251
924 1094
1050 932
179 191
600 567
95 95
920 992
230 237
106 52
435 122
121 140
158 99
1206 1339
403 404
461 227
678 667
658 201
360 376
873 951
1168 1291
653 403
183 663
937 1026
175 203
567 548
127 143
845 924
105 116
1024 1110
654 649
316 319
92 89
342 336
240 293
60 709
395 113
196 170
626 607
276 996
413 441
115 167
102 106
99 100
1182 1304
929 1017
43 581
986 1042
1037 919
913 979
51 53
871 966
64 704
1044 1146
169 196
849 954
975 1087
265 261
246 279
876 955
149 166
78 563
218 686
125 149
383 405
368 391
414 407
211 230
331 345
911 989
848 934
1128 1242
9 22
863 970
595 526
603 553
922 988
156 183
355 343
152 163
855 940
556 532
1227 1348
96 135
22 34
957 450
29 682
345 351
970 1035
857 937
160 177
267 302
639 727
53 59
171 136
497 518
206 205
168 216
390 68
161 194
233 691
66 44
1029 1083
903 991
313 324
77 85
93 28
1 2
604 571
379 87
905 978
612 587
292 338
1013 1125
223 260
327 328
59 559
838 916
346 383
1162 1289
126 78
889 985
24 677
199 242
583 67
645 618
35 47
165 181
664 654
1223 1341
241 689
870 950
271 253
57 58
479 141
1173 1295
129 154
1056 1158
484 511
279 289
546 540
651 635
886 963
906 973
117 62
436 433
605 530
894 980
1005 1011
15 20
580 552
270 268
1035 959
491 156
140 83
231 266
955 1029
455 495
841 920
202 190
405 420
134 157
300 313
930 1002
275 505
1144 1276
254 244
217 218
1225 1344
944 1033
974 998
923 999
87 105
675 673
1034 1092
572 672
966 1063
629 589
1026 1067
163 104
74 75
560 556
197 209
908 982
83 80
120 360
533 521
280 278
282 277
968 1031
1028 1157
324 291
1209 1349
68 71
73 50
493 236
501 469
212 245
948 1016
333 41
328 311
401 398
939 1007
319 305
23 608
882 961
366 341
452 421
1154 1278
173 175
862 952
371 703
570 498
27 37
118 146
541 590
182 188
617 583
362 361
640 597
1064 994
1161 1283
648 622
482 584
446 198
562 491
131 372
485 459
1014 1061
289 717
981 1073
277 269
1000 1055
1192 1300
599 527
951 1048
1214 1346
607 331
393 408
1176 1270
291 298
456 428
101 46
551 529
81 719
558 544
442 467
867 947
214 221
496 560
593 88
79 680
587 555
926 984
200 199
244 234
636 133
1061 936
1133 1255
167 117
47 699
192 409
667 640
512 541
70 332
1166 1288
88 9
1157 1275
294 307
439 210
936 1004
4 603
885 1040
702 694
25 574
306 296
1041 930
422 161
109 126
108 593
1153 1281
545 485
962 995
288 650
622 151
473 488
990 1049
897 976
1003 638
222 606
430 174
1147 1269
1 3
234
607 313
203 191
126 84
25 557
848 886
548 470
56 51
270 252
358 308
464 397
342 57
403 359
152 149
1005 941
276 927
175 186
849 885
149 155
637 589
218 659
528 459
501 433
29 656
115 116
600 555
313 255
854 895
863 899
608 533
1044 956
105 98
1040 980
321 276
182 171
112 102
260 240
217 188
215 209
1037 1076
639 643
930 936
64 691
293 482
360 307
200 645
479 138
24 641
636 118
911 930
645 596
654 151
975 1049
78 59
199 178
165 167
271 685
169 182
53 48
176 160
900 946
106 62
150 326
1013 1073
845 882
484 405
1 2
871 938
683 629
117 71
937 1012
230 206
595 500
264 233
604 558
54 3
583 56
168 154
383 343
512 431
13 185
96 95
857 893
929 951
533 501
331 277
202 161
156 173
15 8
449 134
1227 1261
92 78
254 212
140 75
546 521
325 279
346 314
179 180
456 395
957 358
93 41
60 9
581 275
132 108
616 522
129 135
95 82
413 351
678 163
225 672
277 237
915 232
62 547
908 921
57 30
1166 1189
923 933
59 542
327 287
974 920
125 132
886 912
83 74
876 906
870 902
446 382
452 388
612 579
240 683
9 13
118 129
497 412
667 615
1147 1190
955 960
161 131
651 624
675 176
362 553
579 520
1024 1066
491 418
194 197
626 584
970 966
1035 923
143 142
1133 1183
905 918
1173 1194
1137 1187
27 28
966 914
66 23
1026 991
838 875
206 165
442 376
47 677
334 561
173 633
922 954
980 445
373 315
163 109
461 423
160 158
903 910
222 225
291 253
280 263
87 55
35 44
560 513
74 65
987 1008
551 512
241 663
1029 1007
158 113
567 529
196 374
223 202
640 101
936 942
319 285
648 604
884 1096
1144 1207
368 953
867 900
1176 1191
433 378
1128 1173
939 948
22 22
885 1019
289 17
1064 967
430 143
439 179
1009 987
1234 1297
1154 1243
183 636
300 266
545 465
882 908
1000 961
653 398
101 292
948 322
1034 1010
70 264
572 530
558 525
635 386
109 87
1206 1266
1214 1273
547 498
299 246
1238 1302
1052 1226
1209 1283
998 1059
932 1091
1158 1040
1135 1177
1069 1109
593 47
1041 72
1061 915
1157 1175
1153 1034
1 4
202
313 381
929 1078
900 1023
533 557
595 589
545 541
73 583
479 127
848 979
115 176
604 624
260 366
876 1005
845 970
567 569
1013 1096
150 405
13 260
411 452
528 564
328 658
163 94
1137 1268
507 807
450 484
171 443
161 216
340 44
678 161
233 745
106 51
1009 1107
168 249
357 600
127 120
276 998
449 119
331 409
1037 964
280 278
199 295
957 506
600 618
1005 1060
612 656
911 1026
368 1048
654 143
54 269
461 521
871 1015
126 396
169 184
855 992
120 390
955 1057
491 136
430 145
279 272
939 1042
546 566
882 1013
176 241
355 377
426 461
403 447
413 499
1061 994
936 1036
3 708
53 34
95 95
636 118
1133 1264
1147 1279
616 607
155 192
125 132
1034 1116
645 675
551 55
60 762
608 615
316 324
637 661
165 165
1214 1367
362 627
975 1082
1154 1271
177 122
366 322
218 728
442 515
640 156
651 138
196 471
974 1045
922 1031
439 169
230 219
863 1020
203 194
930 1028
970 1083
27 17
857 986
129 126
1026 1104
484 529
1029 647
105 108
132 185
572 641
327 337
683 701
383 70
202 154
160 158
849 1012
93 10
149 149
112 111
915 357
24 713
548 553
908 1019
9 7
966 1075
667 693
246 342
497 523
923 1032
885 1061
118 129
83 82
360 1044
140 85
464 503
949 1093
66 63
505 215
1024 1090
903 1035
626 663
456 172
905 319
293 568
264 248
1050 975
92 88
1176 1281
271 754
886 1009
87 110
74 74
179 173
270 256
217 190
935 602
173 705
306 765
382 79
22 13
59 599
607 622
64 760
200 717
648 683
289 387
321 310
1190 1324
913 988
580 37
228 226
1 0
182 155
512 551
1035 1000
593 604
35 590
889 1051
421 466
1227 1365
109 125
117 56
1041 133
183 167
241 737
254 740
1166 1287
867 996
884 1002
433 150
1044 1103
1180 1296
1162 1310
948 432
207 1010
622 982
1039 1316
70 395
2 3
295
469 433
102 85
3 31
567 555
950 902
242 178
727 643
78 84
1040 1019
631 504
571 558
62 71
1083 1007
686 659
166 155
987 232
994 967
1004 942
117 117
141 138
324 255
517 278
459 425
403 398
127 128
1002 936
611 589
206 648
154 135
377 332
511 405
658 629
128 102
135 95
937 893
1295 1194
1125 1073
256 233
563 59
167 116
253 685
1087 1049
919 1076
947 900
559 542
996 927
706 3
1250 1180
116 98
41 283
374 88
138 126
40 34
954 885
28 41
626 607
340 294
618 596
376 307
89 78
689 663
963 912
1278 1243
1363 1298
99 113
346 308
105 55
75 65
649 151
398 346
224 160
46 292
146 129
1035 966
1270 1191
622 604
237 206
67 56
1006 935
156 418
345 277
80 74
1263 1193
44 23
212 191
298 253
597 101
1140 1080
218 188
699 677
717 17
428 395
216 154
395 344
709 9
1146 956
587 579
191 180
269 237
163 149
261 249
606 225
934 886
450 358
181 167
1017 951
982 921
106 90
1013 953
404 359
667 163
495 122
1274 1240
310 240
291 272
159 137
257 243
198 382
1348 1261
196 182
201 139
260 202
268 252
441 351
583 575
446 208
966 938
316 276
249 221
61 51
704 691
52 62
332 264
924 882
321 295
677 641
1288 1189
149 132
95 82
1281 1034
635 624
336 57
1110 1066
481 455
607 584
234 204
227 423
467 376
83 75
992 924
485 465
59 48
1063 914
111 63
183 173
943 897
194 131
1272 1208
1242 1173
438 420
669 633
177 158
948 878
1022 957
174 143
241 667
203 186
119 79
65 39
361 553
640 615
1007 948
970 899
938 903
1026 1012
188 171
91 326
1016 322
104 109
643 994
251 209
109 96
509 482
170 374
244 212
1058 483
1029 960
999 933
293 683
328 287
1275 1175
331 313
989 930
916 875
405 343
462 428
29 18
952 916
38 50
529 512
47 44
20 8
1009 997
58 30
998 920
672 530
358 320
1072 1040
299 556
190 161
988 954
1070 987
682 656
482 391
421 388
1370 1299
205 165
961 908
133 118
518 412
630 611
401 349
1092 1010
991 910
272 473
955 906
579 565
540 521
231 193
521 501
347 626
1269 1190
120 107
199 645
210 179
88 47
1349 1283
1057 1205
526 500
930 72
313 266
926 931
215 195
696 675
1330 1257
1346 1273
334 54
1060 1008
418 371
590 198
309 20
1246 1177
474 383
487 523
541 431
2 2
1312 1101
478 442
214 184
278 263
1333 1289
548 529
22 13
424 174
1067 991
544 525
1055 961
962 892
976 216
315 561
978 918
1262 1184
286 275
513 487
673 176
305 285
1046 945
1339 1266
317 246
535 505
431 400
936 915
494 476
967 168
663 636
1255 1183
436 414
458 367
1276 1207
1367 1295
1020 1091
34 22
1284 1232
37 28
550 502
2 4
253
428 172
686 728
940 992
1346 1367
214 178
203 197
47 590
135 140
143 120
360 390
626 688
571 624
34 13
667 161
706 269
930 133
196 184
658 701
345 409
321 586
709 762
291 283
328 337
210 169
343 377
1270 1281
587 656
144 148
37 17
691 745
319 324
963 1009
212 194
154 126
937 986
74 75
167 176
919 964
954 1012
966 1015
999 1032
567 618
472 215
1002 1028
649 143
1007 1042
677 713
994 1038
296 765
194 216
943 989
237 219
924 970
970 1020
28 10
1029 1057
928 973
52 51
256 248
434 485
181 165
597 156
998 1045
934 979
431 507
102 92
177 158
704 760
216 249
1261 1276
268 256
2 0
618 675
146 129
242 295
717 387
310 366
622 683
1272 1306
1063 1075
1335 1377
116 108
138 115
106 98
1004 1036
80 82
289 272
1140 1084
1247 1319
1040 1061
77 614
38 32
149 132
611 661
1274 1260
224 241
996 998
961 1013
405 70
279 342
78 396
324 381
340 352
987 357
467 515
301 298
982 1019
88 604
133 118
420 459
446 208
989 1026
1246 1261
218 190
635 138
1013 1048
119 116
485 541
272 555
1278 1271
104 94
75 74
955 1005
495 103
166 149
191 173
424 162
936 994
95 95
401 430
65 93
376 1044
105 110
395 427
583 632
161 130
689 737
1130 1126
450 506
111 976
311 658
41 14
436 181
607 663
441 499
404 447
988 1031
305 302
89 88
358 386
1035 1083
141 127
170 471
1067 1104
128 111
1363 1385
269 254
261 235
1339 1355
22 7
398 424
494 562
257 252
1006 1055
540 566
438 516
418 468
526 589
174 145
640 693
421 490
947 996
124 652
1348 1365
91 405
59 34
127 113
156 136
529 55
185 159
83 85
521 557
518 523
1087 1082
278 278
1125 1096
548 569
948 1007
9 774
334 39
188 155
511 529
559 599
979 988
1146 1103
332 395
426 466
199 717
1255 1264
190 154
62 56
1042 1095
550 316
1016 432
991 1035
413 465
244 740
1017 1078
201 199
136 443
241 311
1275 1277
249 245
669 705
313 314
227 521
631 616
1134 1316
541 551
1048 1298
569 564
474 1077
985 1051
44 63
959 1000
926 1008
682 204
978 319
1110 1090
1083 647
606 220
215 720
967 280
1019 1029
231 203
513 570
1276 1297
544 574
71 80
1046 1074
50 583
1092 1116
1070 1107
1289 1310
663 167
672 641
1269 1279
707 719
1295 1293
206 303
509 568
1288 1287
1023 1098
3 4
298
135 126
685 754
663 737
75 85
414 181
966 1083
446 263
132 132
604 683
336 445
1019 1061
131 216
108 185
180 173
344 427
529 569
575 632
41 10
17 387
23 63
287 337
589 661
459 564
178 295
341 421
1175 1277
9 762
167 165
899 1020
946 1023
903 972
122 103
74 82
55 110
521 566
691 760
50 32
397 503
13 7
1282 1374
688 757
552 608
244 261
351 499
558 624
48 34
960 1057
182 184
906 1005
195 720
284 417
31 771
3 269
138 127
137 135
283 14
78 88
641 713
371 468
607 688
882 970
920 1045
534 588
84 396
376 515
126 115
277 409
930 1026
570 637
240 366
95 140
186 197
667 311
82 95
1025 1067
221 245
179 169
935 1055
988 1052
232 357
1066 1090
151 143
1076 964
501 557
542 599
208 208
951 1078
579 656
953 1048
555 618
98 108
1073 1096
933 1032
116 176
62 51
63 976
910 1035
420 516
365 449
212 740
912 1009
974 1046
418 136
1049 1082
233 248
237 254
885 1012
358 506
893 986
192 275
1277 1358
954 1031
1080 1084
374 471
326 405
206 219
65 74
660 99
266 314
90 98
154 249
378 150
184 178
117 97
36 774
359 447
343 70
38 24
633 705
1187 1268
224 752
278 288
405 529
1191 1281
168 280
308 380
927 998
385 484
921 1019
948 1042
191 194
160 241
431 551
467 577
200 210
128 113
139 199
109 94
1298 1385
158 158
950 1044
155 149
383 1077
276 310
886 979
1007 647
1240 1260
246 372
163 161
213 211
320 386
592 672
395 172
936 1028
967 1038
353 107
624 138
923 1000
259 306
504 616
512 55
945 1074
388 490
569 350
39 93
494 308
256 301
958 994
71 56
2 0
659 728
129 129
584 663
436 215
386 378
652 725
204 206
285 302
423 521
1183 1264
188 190
938 1015
120 123
636 167
171 155
348 643
942 1036
96 102
295 586
118 118
264 395
143 145
54 39
22 13
30 84
215 225
28 17
102 111
349 430
88 79
1084 975
561 666
225 220
1085 1110
483 594
164 152
500 589
1238 1273
400 507
113 414
68 612
1207 1297
897 989
870 945
476 562
482 568
263 278
442 259
161 154
470 553
255 381
518 603
44 590
452 537
615 693
1190 1279
239 247
322 432
600 680
1189 1287
101 156
412 523
645 717
272 283
104 1073
440 229
273 3
72 133
252 256
982 1286
297 361
533 615
249 235
99 492
185 260
148 494
510 597
1261 1365
174 162
1199 1298
991 1104
530 641
193 203
908 1013
1089 980
93 401
294 352
900 996
1194 1293
1096 1002
551 625
522 607
1297 1387
1243 1271
1185 1282
944 1039
20 768
346 424
987 1107
553 627
889 982
79 116
1266 1355
313 622
878 1007
218 232
465 541
1010 1116
250 279
1273 1367
956 1103
965 1099
487 570
502 316
1283 1363
1079 969
931 1008
977 1113
